
952, 353;


 950, 355;


 950, 356;


 947, 359;


 947, 360;


 945, 362;


 945, 363;


 944, 364;


 944, 365;


 938, 371;


 938, 372;


 936, 374;


 936, 375;


 935, 376;


 935, 378;


 934, 379;


 934, 380;


 933, 381;


 933, 382;


 931, 384;


 931, 385;


 929, 387;


 929, 388;


 928, 389;


 928, 390;


 927, 391;


 927, 392;


 926, 393;


 926, 395;


 925, 396;


 925, 399;


 924, 400;


 924, 407;


 923, 408;


 923, 414;


 922, 415;


 922, 417;


 920, 419;


 920, 420;


 917, 423;


 917, 424;


 915, 426;


 915, 429;


 914, 430;


 914, 433;


 913, 434;


 913, 440;


 912, 441;


 912, 455;


 911, 456;


 911, 462;


 910, 463;


 910, 464;


 909, 465;


 909, 466;


 907, 468;


 907, 469;


 903, 473;


 903, 475;


 902, 476;


 902, 479;


 901, 480;


 901, 485;


 900, 486;


 900, 500;


 899, 501;


 899, 507;


 898, 508;


 898, 510;


 897, 511;


 897, 512;


 891, 518;


 891, 519;


 889, 521;


 889, 526;


 888, 527;


 888, 534;


 887, 535;


 887, 537;


 886, 538;


 886, 539;


 885, 540;


 885, 541;


 884, 542;


 884, 543;


 880, 547;


 880, 548;


 879, 549;


 879, 550;


 878, 551;


 878, 552;


 877, 553;


 877, 555;


 876, 556;


 876, 559;


 875, 560;


 875, 562;


 874, 563;


 874, 564;


 873, 565;


 873, 566;


 871, 568;


 871, 569;


 868, 572;


 868, 573;


 867, 574;


 867, 575;


 866, 576;


 866, 577;


 865, 578;


 865, 580;


 864, 581;


 864, 583;


 863, 584;


 863, 586;


 862, 587;


 862, 588;


 861, 589;


 861, 590;


 860, 591;


 860, 592;


 857, 595;


 857, 596;


 855, 598;


 855, 599;


 854, 600;


 854, 601;


 853, 602;


 853, 603;


 852, 604;


 852, 605;


 851, 606;


 851, 607;


 845, 613;


 844, 613;


 843, 614;


 843, 615;


 841, 617;


 841, 619;


 840, 620;


 840, 623;


 839, 624;


 839, 627;


 838, 628;


 838, 630;


 830, 638;


 830, 639;


 829, 640;


 829, 642;


 828, 643;


 828, 649;


 827, 650;


 827, 654;


 825, 656;


 825, 657;


 822, 660;


 821, 660;


 819, 662;


 819, 663;


 817, 665;


 817, 669;


 816, 670;


 816, 676;


 815, 677;


 815, 679;


 813, 681;


 813, 682;


 809, 686;


 808, 686;


 808, 687;


 806, 689;


 806, 691;


 805, 692;


 805, 696;


 804, 697;


 804, 702;


 803, 703;


 803, 705;


 802, 706;


 802, 707;


 801, 708;


 801, 709;


 796, 714;


 796, 715;


 795, 716;


 795, 717;


 794, 718;


 794, 720;


 793, 721;


 793, 723;


 792, 724;


 792, 728;


 791, 729;


 791, 731;


 790, 732;


 790, 734;


 789, 735;


 789, 737;


 783, 743;


 783, 744;


 781, 746;


 781, 748;


 780, 749;


 780, 756;


 779, 757;


 779, 762;


 777, 764;


 777, 765;


 775, 767;


 774, 767;


 769, 772;


 769, 775;


 768, 776;


 768, 785;


 767, 786;


 767, 787;


 766, 788;


 766, 789;


 763, 792;


 762, 792;


 758, 796;


 758, 797;


 757, 798;


 757, 803;


 756, 804;


 756, 810;


 755, 811;


 755, 813;


 754, 814;


 754, 815;


 748, 821;


 748, 822;


 747, 823;


 747, 824;


 746, 825;


 746, 827;


 745, 828;


 745, 831;


 744, 832;


 744, 835;


 743, 836;


 743, 839;


 742, 840;


 742, 841;


 741, 842;


 741, 843;


 740, 844;


 740, 845;


 735, 850;


 735, 851;


 734, 852;


 734, 853;


 733, 854;


 733, 856;


 732, 857;


 732, 862;


 731, 863;


 731, 868;


 730, 869;


 730, 870;


 729, 871;


 729, 872;


 726, 875;


 725, 875;


 723, 877;


 723, 878;


 721, 880;


 721, 883;


 720, 884;


 720, 894;


 719, 895;


 719, 896;


 718, 897;


 718, 898;


 717, 899;


 717, 900;


 713, 904;


 713, 905;


 711, 907;


 711, 909;


 710, 910;


 710, 912;


 709, 913;


 709, 916;


 708, 917;


 708, 930;


 707, 931;


 707, 933;


 706, 934;


 706, 936;


 705, 937;


 705, 938;


 703, 940;


 703, 941;


 700, 944;


 700, 945;


 699, 946;


 699, 947;


 698, 948;


 698, 949;


 697, 950;


 697, 952;


 696, 953;


 696, 962;


 695, 963;


 695, 967;


 693, 969;


 693, 970;


 686, 977;


 686, 980;


 685, 981;


 685, 986;


 684, 987;


 684, 993;


 683, 994;


 683, 998;


 682, 999;


 682, 1002;


 675, 1009;


 675, 1010;


 674, 1011;


 674, 1012;


 673, 1013;


 673, 1017;


 672, 1018;


 672, 1025;


 671, 1026;


 671, 1029;


 670, 1030;


 670, 1031;


 669, 1032;


 669, 1034;


 667, 1036;


 667, 1037;


 664, 1040;


 664, 1041;


 663, 1042;


 663, 1043;


 662, 1044;


 662, 1046;


 661, 1047;


 661, 1049;


 660, 1050;


 660, 1053;


 659, 1054;


 659, 1057;


 658, 1058;


 658, 1061;


 657, 1062;


 657, 1063;


 655, 1065;


 655, 1066;


 652, 1069;


 652, 1070;


 651, 1071;


 651, 1072;


 650, 1073;


 650, 1078;


 1022, 1078;


 1022, 1073;


 1024, 1071;


 1024, 1070;


 1025, 1069;


 1025, 1068;


 1026, 1067;


 1026, 1065;


 1027, 1064;


 1027, 1062;


 1028, 1061;


 1028, 1060;


 1029, 1059;


 1029, 1057;


 1030, 1056;


 1030, 1055;


 1031, 1054;


 1031, 1052;


 1032, 1051;


 1032, 1049;


 1033, 1048;


 1033, 1046;


 1034, 1045;


 1034, 1043;


 1035, 1042;


 1035, 1040;


 1036, 1039;


 1036, 1036;


 1037, 1035;


 1037, 1031;


 1038, 1030;


 1038, 1015;


 1037, 1014;


 1038, 1013;


 1038, 1009;


 1039, 1008;


 1039, 1004;


 1040, 1003;


 1040, 993;


 1039, 992;


 1039, 980;


 1038, 979;


 1038, 975;


 1037, 974;


 1037, 971;


 1036, 970;


 1036, 966;


 1035, 965;


 1036, 964;


 1036, 946;


 1035, 945;


 1035, 926;


 1034, 925;


 1034, 913;


 1035, 912;


 1035, 873;


 1034, 872;


 1034, 865;


 1035, 864;


 1035, 855;


 1034, 854;


 1034, 847;


 1033, 846;


 1033, 831;


 1032, 830;


 1032, 815;


 1031, 814;


 1031, 785;


 1030, 784;


 1030, 763;


 1029, 762;


 1029, 749;


 1028, 748;


 1028, 736;


 1027, 735;


 1027, 731;


 1026, 730;


 1026, 725;


 1025, 724;


 1025, 719;


 1024, 718;


 1024, 713;


 1023, 712;


 1023, 707;


 1022, 706;


 1022, 697;


 1021, 696;


 1021, 684;


 1020, 683;


 1020, 658;


 1019, 657;


 1019, 628;


 1018, 627;


 1018, 609;


 1017, 608;


 1017, 598;


 1016, 597;


 1016, 590;


 1015, 589;


 1015, 584;


 1014, 583;


 1014, 579;


 1013, 578;


 1013, 575;


 1012, 574;


 1012, 571;


 1011, 570;


 1011, 566;


 1010, 565;


 1010, 560;


 1009, 559;


 1009, 550;


 1008, 549;


 1008, 535;


 1007, 534;


 1007, 480;


 1006, 479;


 1006, 454;


 1005, 453;


 1005, 433;


 1004, 432;


 1004, 424;


 1003, 423;


 1003, 417;


 1002, 416;


 1002, 411;


 1001, 410;


 1001, 406;


 1000, 405;


 1000, 401;


 999, 400;


 999, 396;


 998, 395;


 998, 390;


 997, 389;


 997, 381;


 996, 380;


 996, 361;


 997, 360;


 997, 355;


 998, 354;


 998, 353;
